69
AND
1
1
50 57 1
2
0 12 13 19
0 15
0 38 13 45
0 41
1
37 25 50 32
49 28
0
1
3 
and.bmp
and_ico.bmp
AND3
2
1
50 57 1
3
0 13 13 18
0 16
0 25 13 31
0 28
0 39 13 45
0 42
1
37 25 50 31
49 29
0
1
7 
and3.bmp
and3_ico.bmp
AND4
2
1
50 57 1
4
0 6 13 13
0 10
0 18 13 25
0 22
0 31 13 37
0 34
0 42 13 49
0 46
1
37 26 50 32
49 29
0
1
15 
and4.bmp
and4_ico.bmp
AND5
2
1
54 50 1
5
0 3 15 8
0 5
0 12 15 19
0 15
0 22 15 29
0 25
0 32 15 39
0 36
0 43 15 49
0 45
1
36 22 54 29
53 26
0
1
31 
And5.bmp
and5_ico.bmp
AND6
2
1
54 92 1
6
0 11 15 18
0 14
0 26 15 33
0 29
0 39 15 46
0 42
0 52 15 59
0 55
0 65 15 71
0 67
0 77 15 84
0 80
1
36 45 54 52
53 48
0
1
63 
and6.bmp
and6_ico.bmp
AND8
2
1
54 84 1
8
0 4 15 11
0 7
0 14 15 20
0 17
0 25 15 31
0 27
0 35 15 40
0 37
0 44 16 51
0 47
0 54 15 61
0 57
0 64 15 71
0 67
0 74 15 81
0 77
1
36 39 54 46
53 42
0
1
255 
and8.bmp
and8_ico.bmp
NAND
1
1
50 57 1
2
0 12 13 19
0 15
0 38 13 45
0 41
1
37 25 50 32
49 28
0
3
0 1 2 
andn.bmp
andn_ico.bmp
NAND3
2
1
50 57 1
3
0 13 13 18
0 16
0 25 13 31
0 28
0 39 13 45
0 42
1
37 25 50 31
49 29
0
7
0 1 2 3 4 5 6 
andn3.bmp
andn3_ico.bmp
NAND4
2
1
50 57 1
4
0 6 13 13
0 10
0 18 13 25
0 22
0 31 13 37
0 34
0 42 13 49
0 46
1
37 26 50 32
49 29
0
15
0 1 2 3 4 5 6 7 8 9 10 11 12 13 14 
andn4.bmp
andn4_ico.bmp
NAND5
2
1
54 50 1
5
0 3 15 8
0 5
0 12 15 19
0 15
0 22 15 29
0 25
0 32 15 39
0 36
0 43 15 49
0 45
1
36 22 54 29
53 26
0
31
0 1 2 3 4 5 6 7 8 9 10 11 12 13 14 15 16 17 18 19 20 21 22 23 24 25 26 27 28 29 30 
andn5.bmp
andn5_ico.bmp
NAND6
2
1
54 92 1
6
0 11 15 18
0 14
0 26 15 33
0 29
0 39 15 46
0 42
0 52 15 59
0 55
0 65 15 71
0 67
0 77 15 84
0 80
1
36 45 54 52
53 48
0
63
0 1 2 3 4 5 6 7 8 9 10 11 12 13 14 15 16 17 18 19 20 21 22 23 24 25 26 27 28 29 30 31 32 33 34 35 36 37 38 39 40 41 42 43 44 45 46 47 48 49 50 51 52 53 54 55 56 57 58 59 60 61 62 
andn6.bmp
andn6_ico.bmp
NAND8
2
1
54 84 1
8
0 4 15 11
0 7
0 14 15 20
0 17
0 25 15 31
0 27
0 35 15 40
0 37
0 44 16 51
0 47
0 54 15 61
0 57
0 64 15 71
0 67
0 74 15 81
0 77
1
36 39 54 46
53 42
0
255
0 1 2 3 4 5 6 7 8 9 10 11 12 13 14 15 16 17 18 19 20 21 22 23 24 25 26 27 28 29 30 31 32 33 34 35 36 37 38 39 40 41 42 43 44 45 46 47 48 49 50 51 52 53 54 55 56 57 58 59 60 61 62 63 64 65 66 67 68 69 70 71 72 73 74 75 76 77 78 79 80 81 82 83 84 85 86 87 88 89 90 91 92 93 94 95 96 97 98 99 100 101 102 103 104 105 106 107 108 109 110 111 112 113 114 115 116 117 118 119 120 121 122 123 124 125 126 127 128 129 130 131 132 133 134 135 136 137 138 139 140 141 142 143 144 145 146 147 148 149 150 151 152 153 154 155 156 157 158 159 160 161 162 163 164 165 166 167 168 169 170 171 172 173 174 175 176 177 178 179 180 181 182 183 184 185 186 187 188 189 190 191 192 193 194 195 196 197 198 199 200 201 202 203 204 205 206 207 208 209 210 211 212 213 214 215 216 217 218 219 220 221 222 223 224 225 226 227 228 229 230 231 232 233 234 235 236 237 238 239 240 241 242 243 244 245 246 247 248 249 250 251 252 253 254 
andn8.bmp
andn8_ico.bmp
OR
1
1
50 57 1
2
0 12 13 19
0 15
0 38 13 45
0 41
1
37 25 50 32
49 28
0
3
1 2 3 
or.bmp
or_ico.bmp
OR3
3
1
50 57 1
3
0 13 13 18
0 16
0 25 13 31
0 28
0 39 13 45
0 42
1
37 25 50 31
49 29
0
7
1 2 3 4 5 6 7 
or3.bmp
or3_ico.bmp
OR4
3
1
50 57 1
4
0 6 13 13
0 10
0 18 13 25
0 22
0 31 13 37
0 34
0 42 13 49
0 46
1
37 26 50 32
49 29
0
15
1 2 3 4 5 6 7 8 9 10 11 12 13 14 15 
or4.bmp
or4_ico.bmp
OR5
3
1
54 50 1
5
0 3 15 8
0 5
0 12 15 19
0 15
0 22 15 29
0 25
0 32 15 39
0 36
0 43 15 49
0 45
1
36 22 54 29
53 26
0
31
1 2 3 4 5 6 7 8 9 10 11 12 13 14 15 16 17 18 19 20 21 22 23 24 25 26 27 28 29 30 31 
or5.bmp
or5_ico.bmp
OR6
3
1
54 92 1
6
0 11 15 18
0 14
0 26 15 33
0 29
0 39 15 46
0 42
0 52 15 59
0 55
0 65 15 71
0 67
0 77 15 84
0 80
1
36 45 54 52
53 48
0
63
1 2 3 4 5 6 7 8 9 10 11 12 13 14 15 16 17 18 19 20 21 22 23 24 25 26 27 28 29 30 31 32 33 34 35 36 37 38 39 40 41 42 43 44 45 46 47 48 49 50 51 52 53 54 55 56 57 58 59 60 61 62 63 
or6.bmp
or6_ico.bmp
OR8
3
1
54 84 1
8
0 4 15 11
0 7
0 14 15 20
0 17
0 25 15 31
0 27
0 35 15 40
0 37
0 44 16 51
0 47
0 54 15 61
0 57
0 64 15 71
0 67
0 74 15 81
0 77
1
36 39 54 46
53 42
0
255
1 2 3 4 5 6 7 8 9 10 11 12 13 14 15 16 17 18 19 20 21 22 23 24 25 26 27 28 29 30 31 32 33 34 35 36 37 38 39 40 41 42 43 44 45 46 47 48 49 50 51 52 53 54 55 56 57 58 59 60 61 62 63 64 65 66 67 68 69 70 71 72 73 74 75 76 77 78 79 80 81 82 83 84 85 86 87 88 89 90 91 92 93 94 95 96 97 98 99 100 101 102 103 104 105 106 107 108 109 110 111 112 113 114 115 116 117 118 119 120 121 122 123 124 125 126 127 128 129 130 131 132 133 134 135 136 137 138 139 140 141 142 143 144 145 146 147 148 149 150 151 152 153 154 155 156 157 158 159 160 161 162 163 164 165 166 167 168 169 170 171 172 173 174 175 176 177 178 179 180 181 182 183 184 185 186 187 188 189 190 191 192 193 194 195 196 197 198 199 200 201 202 203 204 205 206 207 208 209 210 211 212 213 214 215 216 217 218 219 220 221 222 223 224 225 226 227 228 229 230 231 232 233 234 235 236 237 238 239 240 241 242 243 244 245 246 247 248 249 250 251 252 253 254 255 
or8.bmp
or8_ico.bmp
NOR
1
1
50 57 1
2
0 12 13 19
0 15
0 38 13 45
0 41
1
37 25 50 32
49 28
0
1
0 
orn.bmp
orn_ico.bmp
NOR3
3
1
50 57 1
3
0 13 13 18
0 16
0 25 13 31
0 28
0 39 13 45
0 42
1
37 25 50 31
49 29
0
1
0 
orn3.bmp
orn3_ico.bmp
NOR4
3
1
50 57 1
4
0 6 13 13
0 10
0 18 13 25
0 22
0 31 13 37
0 34
0 42 13 49
0 46
1
37 26 50 32
49 29
0
1
0 
orn4.bmp
orn4_ico.bmp
NOR5
3
1
54 50 1
5
0 3 15 8
0 5
0 12 15 19
0 15
0 22 15 29
0 25
0 32 15 39
0 36
0 43 15 49
0 45
1
36 22 54 29
53 26
0
1
0 
orn5.bmp
orn5_ico.bmp
NOR6
3
1
54 92 1
6
0 11 15 18
0 14
0 26 15 33
0 29
0 39 15 46
0 42
0 52 15 59
0 55
0 65 15 71
0 67
0 77 15 84
0 80
1
36 45 54 52
53 48
0
1
0 
orn6.bmp
orn6_ico.bmp
NOR8
3
1
54 84 1
8
0 4 15 11
0 7
0 14 15 20
0 17
0 25 15 31
0 27
0 35 15 40
0 37
0 44 16 51
0 47
0 54 15 61
0 57
0 64 15 71
0 67
0 74 15 81
0 77
1
36 39 54 46
53 42
0
1
0 
orn8.bmp
orn8_ico.bmp
NOT
1
1
50 57 1
1
0 26 13 32
0 28
1
37 26 50 32
49 28
0
1
0 
not.bmp
not_ico.bmp
XOR
1
1
50 57 1
2
0 13 13 20
0 16
0 38 13 45
0 41
1
37 26 50 32
50 28
0
2
1 2 
xor.bmp
xor_ico.bmp
ANDOR2
3
1
48 53 1
4
0 4 6 10
0 6
0 15 6 22
0 19
0 31 6 38
0 35
0 43 6 49
0 46
1
41 24 48 30
47 26
0
7
3 7 11 12 13 14 15 
andor2.bmp
andor2_ico.bmp
ANDOR2N
3
1
48 53 1
4
0 4 6 10
0 6
0 15 6 22
0 19
0 31 6 38
0 35
0 43 6 49
0 46
1
41 24 48 30
47 26
0
9
0 1 2 4 5 6 8 9 10 
andor2n.bmp
andor2n_ico.bmp
ORAND2
2
1
48 53 1
4
0 4 6 10
0 6
0 15 6 22
0 19
0 31 6 38
0 35
0 43 6 49
0 46
1
41 24 48 30
47 26
0
9
5 6 7 9 10 11 13 14 15 
orand2.bmp
orand2_ico.bmp
ORAND2N
2
1
48 53 1
4
0 4 6 10
0 6
0 15 6 22
0 19
0 31 6 38
0 35
0 43 6 49
0 46
1
41 24 48 30
47 26
0
7
0 1 2 3 4 8 12 
orand2n.bmp
orand2n_ico.bmp
AND3OR2
3
1
48 53 1
6
0 4 6 9
0 7
0 10 6 15
0 12
0 16 6 22
0 18
0 32 6 37
0 35
0 38 6 43
0 40
0 44 6 49
0 45
1
41 23 48 30
47 27
0
15
7 15 23 31 39 47 55 56 57 58 59 60 61 62 63 
and3or2.bmp
and3or2_ico.bmp
AND3OR2N
3
1
48 53 1
6
0 4 6 9
0 7
0 10 6 15
0 12
0 16 6 22
0 18
0 32 6 37
0 35
0 38 6 43
0 40
0 44 6 49
0 45
1
41 23 48 30
47 27
0
49
0 1 2 3 4 5 6 8 9 10 11 12 13 14 16 17 18 19 20 21 22 24 25 26 27 28 29 30 32 33 34 35 36 37 38 40 41 42 43 44 45 46 48 49 50 51 52 53 54 
and3or2n.bmp
and3or2n_ico.bmp
OR3AND2
2
1
48 53 1
6
0 4 6 9
0 7
0 10 6 15
0 12
0 16 6 22
0 18
0 32 6 37
0 35
0 38 6 43
0 40
0 44 6 49
0 45
1
41 23 48 30
47 27
0
49
9 10 11 12 13 14 15 17 18 19 20 21 22 23 25 26 27 28 29 30 31 33 34 35 36 37 38 39 41 42 43 44 45 46 47 49 50 51 52 53 54 55 57 58 59 60 61 62 63 
or3and2.bmp
or3and2_ico.bmp
OR3AND2N
2
1
48 53 1
6
0 4 6 9
0 7
0 10 6 15
0 12
0 16 6 22
0 18
0 32 6 37
0 35
0 38 6 43
0 40
0 44 6 49
0 45
1
41 23 48 30
47 27
0
15
0 1 2 3 4 5 6 7 8 16 24 32 40 48 56 
or3and2n.bmp
or3and2n_ico.bmp
K155LA3
4
1
56 136 1
8
0 9 16 15
0 12
0 24 15 30
0 26
0 42 15 48
0 45
0 56 15 63
0 59
0 75 16 82
0 79
0 90 16 97
0 94
0 110 16 116
0 112
0 124 15 131
0 128
4
39 11 56 21
55 15
39 46 56 54
56 50
39 77 56 85
55 82
39 114 56 121
56 117
1
6
1 0 0 -1
2 479 0 -1
9 73 0 -1
9 73 57 -1
9 74 115 -1
9 74 175 -1
12
2 1 1
1 3 1
2 1 2
1 3 2
2 1 3
1 4 1
2 1 4
1 4 2
2 1 5
1 5 1
2 1 6
1 5 2
2 1 7
1 6 1
2 1 8
1 6 2
2 3 1
1 2 1
2 4 1
1 2 2
2 5 1
1 2 3
2 6 1
1 2 4
k155la3.bmp
k155la3_ico.bmp
K155LA6
4
1
54 136 1
8
0 8 16 15
0 12
0 23 15 31
0 26
0 41 16 48
0 45
0 56 15 64
0 60
0 74 15 82
0 78
0 91 16 98
0 94
0 110 16 116
0 113
0 124 15 131
0 127
2
36 28 54 38
53 32
36 98 54 107
53 103
1
4
1 0 0 -1
2 547 0 -1
11 70 96 -1
11 63 9 -1
10
2 1 1
1 4 1
2 1 2
1 4 2
2 1 3
1 4 3
2 1 4
1 4 4
2 1 5
1 3 1
2 1 6
1 3 2
2 1 7
1 3 3
2 1 8
1 3 4
2 4 1
1 2 1
2 3 1
1 2 2
k155la6.bmp
k155la6_ico.bmp
K155LP5
4
1
51 136 1
8
0 9 16 15
0 12
0 24 15 30
0 26
0 42 15 48
0 45
0 56 15 63
0 59
0 75 16 82
0 78
0 90 16 97
0 94
0 110 16 116
0 112
0 124 15 131
0 128
4
39 11 56 21
55 15
39 46 56 54
56 50
39 77 56 85
55 82
39 114 56 121
56 117
1
6
1 0 0 -1
2 479 0 -1
28 69 4 -1
28 70 64 -1
28 71 123 -1
28 72 181 -1
12
2 1 1
1 3 1
2 1 2
1 3 2
2 1 3
1 4 1
2 1 4
1 4 2
2 1 5
1 5 1
2 1 6
1 5 2
2 1 7
1 6 1
2 1 8
1 6 2
2 3 1
1 2 1
2 4 1
1 2 2
2 5 1
1 2 3
2 6 1
1 2 4
k155lp5.bmp
k155lp5_ico.bmp
RS-asynch
5
1
50 57 11
2
0 12 13 19
0 16
0 37 13 46
0 42
2
37 12 50 19
49 16
36 38 50 45
50 41
1
6
1 0 0 -1
2 476 0 -1
27 46 4 -1
27 46 78 -1
9 131 4 10
9 128 78 11
8
2 1 1
1 3 1
2 1 2
1 4 1
2 3 1
1 5 1
2 4 1
1 6 2
2 6 1
1 5 2
2 5 1
1 6 1
2 5 1
1 2 1
2 6 1
1 2 2
trigRSa.bmp
trigRSa_ico.bmp
D-synch
5
1
50 57 2
2
0 12 14 20
0 16
0 38 13 46
0 42
2
37 12 50 19
49 15
37 38 50 45
49 42
1
6
1 0 0 -1
2 782 0 -1
9 65 3 -1
9 66 80 -1
9 139 0 -1
9 140 77 2
10
2 1 1
1 3 1
2 1 2
1 3 2
2 1 2
1 4 2
2 3 1
1 4 1
2 3 1
1 5 1
2 4 1
1 6 2
2 6 1
1 5 2
2 5 1
1 6 1
2 5 1
1 2 1
2 6 1
1 2 2
trigDs.bmp
trigDs_ico.bmp
D2-synch
5
1
59 57 11
2
0 12 13 19
0 15
0 39 14 45
0 42
2
48 12 59 19
59 16
48 38 59 45
59 42
1
11
1 0 0 -1
2 476 0 -1
9 60 1 -1
9 63 62 -1
9 116 -2 11
9 117 62 10
27 60 162 -1
9 222 3 -1
9 225 62 -1
9 287 1 11
9 289 61 10
19
2 1 1
1 3 1
2 1 2
1 3 2
2 1 2
1 4 2
2 3 1
1 4 1
2 3 1
1 5 1
2 4 1
1 6 2
2 6 1
1 5 2
2 5 1
1 6 1
2 1 2
1 7 1
2 8 1
1 9 1
2 9 1
1 11 2
2 8 1
1 10 1
2 10 1
1 11 1
2 11 1
1 10 2
2 10 1
1 2 1
2 11 1
1 2 2
2 5 1
1 8 1
2 7 1
1 8 2
2 7 1
1 9 2
trigD2s.bmp
trigD2s_ico.bmp
T
5
1
50 57 1
1
0 13 13 19
0 16
2
37 12 50 19
49 15
37 38 50 45
49 41
1
8
1 0 0 -1
2 782 0 -1
9 233 130 -1
9 238 244 -1
9 89 232 -1
9 88 118 -1
27 125 20 120
27 196 20 -1
12
2 3 1
1 4 1
2 4 1
1 3 2
2 6 1
1 3 1
2 6 1
1 5 1
2 5 1
1 4 2
2 8 1
1 6 1
2 7 1
1 8 1
2 4 1
1 7 1
2 1 1
1 6 2
2 1 1
1 5 2
2 3 1
1 2 1
2 4 1
1 2 2
trigT.bmp
trigT_ico.bmp
T2
5
1
61 53 11
2
0 10 13 17
0 13
0 37 13 43
0 40
2
47 10 61 17
61 14
47 36 61 43
60 39
1
13
1 0 0 -1
2 782 0 -1
10 300 126 -1
9 208 40 10
9 213 123 11
9 415 15 10
9 442 108 11
11 342 5 -1
3 369 127 -1
3 133 108 -1
27 35 119 -1
9 34 50 -1
10 126 8 -1
27
2 4 1
1 5 1
2 5 1
1 4 2
2 5 1
1 3 2
2 6 1
1 2 1
2 7 1
1 2 2
2 7 1
1 6 2
2 6 1
1 7 1
2 4 1
1 8 2
2 8 1
1 6 1
2 3 1
1 9 1
2 9 1
1 7 2
2 10 1
1 8 3
2 10 1
1 5 2
2 10 1
1 3 3
2 11 1
1 8 4
2 11 1
1 9 2
2 11 1
1 10 2
2 1 2
1 11 1
2 6 1
1 12 2
2 1 1
1 12 1
2 12 1
1 10 1
2 7 1
1 13 3
2 1 1
1 13 2
2 11 1
1 13 1
2 13 1
1 4 1
2 13 1
1 8 1
2 13 1
1 3 1
trigT2.bmp
trigT2_ico.bmp
K155TW1
5
1
77 114 11
9
0 7 13 13
0 10
0 18 12 27
0 22
0 30 12 38
0 34
0 40 12 49
0 44
0 54 14 62
0 59
0 69 13 77
0 72
0 80 13 87
0 83
0 91 12 98
0 94
0 105 16 114
0 109
2
63 30 77 38
76 33
63 79 77 88
76 83
1
10
1 0 0 -1
2 629 0 -1
10 267 20 10
10 272 150 11
10 198 19 -1
10 201 149 -1
10 115 4 10
10 120 196 11
12 45 65 -1
12 47 126 -1
30
2 1 2
1 9 2
2 1 3
1 9 3
2 1 4
1 9 4
2 1 5
1 9 5
2 1 5
1 10 1
2 1 6
1 10 2
2 1 7
1 10 3
2 1 8
1 10 4
2 4 1
1 9 1
2 3 1
1 10 5
2 1 1
1 7 1
2 1 1
1 3 1
2 1 9
1 8 3
2 1 9
1 4 3
2 7 1
1 8 1
2 8 1
1 7 3
2 9 1
1 7 2
2 10 1
1 8 2
2 10 1
1 6 3
2 10 1
1 5 3
2 9 1
1 5 1
2 9 1
1 6 1
2 7 1
1 5 2
2 8 1
1 6 2
2 6 1
1 4 2
2 5 1
1 3 2
2 3 1
1 4 1
2 4 1
1 3 3
2 3 1
1 2 1
2 4 1
1 2 2
k155tw1.bmp
k155tw1_ico.bmp
K155TM7
5
1
56 120 11
6
0 7 16 15
0 10
0 37 16 44
0 41
0 52 16 60
0 55
0 67 16 74
0 71
0 97 16 104
0 100
0 112 16 119
0 115
8
38 7 56 15
55 11
39 22 56 30
55 25
39 37 56 44
55 41
38 52 56 60
56 56
39 67 56 75
55 70
38 81 56 89
55 85
39 96 56 105
55 100
38 112 56 120
55 116
1
6
1 0 0 -1
2 476 0 -1
41 75 3 -1
41 75 63 -1
41 75 121 -1
41 74 181 -1
16
2 1 1
1 3 1
2 1 2
1 4 1
2 1 3
1 3 2
2 1 3
1 4 2
2 1 4
1 5 1
2 1 5
1 6 1
2 1 6
1 5 2
2 1 6
1 6 2
2 3 1
1 2 1
2 3 2
1 2 2
2 4 1
1 2 3
2 4 2
1 2 4
2 5 1
1 2 5
2 5 2
1 2 6
2 6 1
1 2 7
2 6 2
1 2 8
k155tm7.bmp
k155tm7_ico.bmp
K155ID4
6
1
90 120 1
6
0 8 15 18
0 12
0 27 15 35
0 30
0 49 15 57
1 52
0 69 15 77
1 72
0 87 15 97
0 92
0 109 15 117
0 111
8
75 6 90 14
89 9
75 21 90 29
89 25
75 36 90 45
89 40
76 52 90 61
89 54
75 66 90 75
89 70
75 81 90 91
89 85
75 97 90 105
88 99
76 112 90 119
89 115
1
15
1 0 0 -1
2 476 0 -1
27 44 12 -1
21 165 1 -1
10 399 2 3
10 399 58 3
10 399 113 3
10 399 168 3
10 400 223 3
10 400 278 3
10 401 334 3
10 402 389 3
27 165 82 -1
27 166 213 -1
21 171 322 -1
39
2 3 1
1 4 2
2 1 1
1 4 1
2 1 2
1 3 1
2 4 1
1 5 1
2 4 1
1 6 1
2 4 1
1 7 1
2 4 1
1 8 1
2 1 3
1 13 1
2 13 1
1 5 2
2 13 1
1 7 2
2 13 1
1 9 2
2 13 1
1 11 2
2 1 3
1 6 2
2 1 3
1 8 2
2 1 3
1 10 2
2 1 3
1 12 2
2 1 4
1 14 1
2 14 1
1 5 3
2 14 1
1 6 3
2 14 1
1 9 3
2 14 1
1 10 3
2 1 4
1 7 3
2 1 4
1 8 3
2 5 1
1 2 1
2 6 1
1 2 2
2 7 1
1 2 3
2 8 1
1 2 4
2 9 1
1 2 5
2 10 1
1 2 6
2 11 1
1 2 7
2 12 1
1 2 8
2 1 4
1 11 3
2 1 4
1 12 3
2 1 5
1 15 1
2 1 6
1 15 2
2 15 1
1 9 1
2 15 1
1 10 1
2 15 1
1 11 1
2 15 1
1 12 1
k155id4.bmp
k155id4_ico.bmp
K155KP7
6
1
66 180 1
12
0 6 12 15
0 10
0 21 12 30
0 26
0 37 12 44
0 41
0 52 12 61
0 55
0 67 12 74
0 71
0 81 12 89
0 85
0 97 12 104
0 100
0 112 12 119
0 115
0 127 13 134
0 131
0 142 12 149
0 145
0 156 12 165
0 161
0 172 12 179
0 175
2
56 72 66 79
65 75
55 102 66 110
65 105
1
16
1 0 0 -1
2 557 0 -1
26 524 182 2
27 524 -1 -1
6 393 376 2
6 393 321 2
6 392 267 2
6 390 214 2
6 390 161 2
6 390 106 2
6 388 53 2
6 387 0 2
27 33 17 -1
27 35 78 -1
27 34 148 -1
27 38 282 -1
55
2 4 1
1 2 1
2 3 1
1 4 1
2 3 1
1 2 2
2 5 1
1 3 8
2 6 1
1 3 7
2 7 1
1 3 6
2 8 1
1 3 5
2 9 1
1 3 4
2 10 1
1 3 3
2 11 1
1 3 2
2 12 1
1 3 1
2 13 1
1 12 2
2 13 1
1 10 2
2 13 1
1 8 2
2 13 1
1 6 2
2 14 1
1 12 3
2 14 1
1 11 3
2 14 1
1 8 3
2 14 1
1 7 3
2 15 1
1 12 4
2 15 1
1 11 4
2 15 1
1 10 4
2 15 1
1 9 4
2 16 1
1 12 5
2 16 1
1 11 5
2 16 1
1 10 5
2 16 1
1 9 5
2 16 1
1 8 5
2 16 1
1 7 5
2 16 1
1 6 5
2 16 1
1 5 5
2 1 11
1 5 3
2 1 11
1 6 3
2 1 11
1 9 3
2 1 11
1 10 3
2 1 11
1 14 1
2 1 9
1 5 1
2 1 8
1 6 1
2 1 7
1 7 1
2 1 6
1 8 1
2 1 5
1 9 1
2 1 4
1 10 1
2 1 3
1 11 1
2 1 2
1 12 1
2 1 1
1 16 1
2 1 12
1 5 2
2 1 12
1 7 2
2 1 12
1 11 2
2 1 12
1 9 2
2 1 12
1 13 1
2 1 10
1 15 1
2 1 10
1 8 4
2 1 10
1 7 4
2 1 10
1 6 4
2 1 10
1 5 4
k155kp7.bmp
k155kp7_ico.bmp
SM
9
1
58 44 1
3
0 8 7 14
0 10
0 18 7 25
0 21
0 31 8 38
0 34
2
51 6 58 12
57 8
50 27 58 37
57 33
0
4
1 2 4 7 
4
3 5 6 7 
sm.bmp
sm_ico.bmp
K155IM3
9
1
93 125 1
9
0 6 18 14
0 9
0 19 18 27
0 22
0 32 17 39
0 35
0 45 17 54
0 49
0 59 17 67
0 62
0 72 17 80
0 77
0 86 18 94
0 89
0 99 17 108
0 103
0 113 17 120
0 116
5
75 5 93 14
92 9
76 32 93 42
92 37
76 60 93 69
93 63
76 86 93 96
92 90
76 112 93 120
93 117
1
6
1 0 0 -1
2 479 0 -1
49 57 9 -1
49 131 61 -1
49 202 111 -1
49 275 158 -1
17
2 1 1
1 3 1
2 1 2
1 3 2
2 1 3
1 3 3
2 3 1
1 2 1
2 3 2
1 4 1
2 4 1
1 2 2
2 4 2
1 5 1
2 5 2
1 6 1
2 5 1
1 2 3
2 6 1
1 2 4
2 6 2
1 2 5
2 1 4
1 4 2
2 1 5
1 4 3
2 1 6
1 5 2
2 1 7
1 5 3
2 1 8
1 6 2
2 1 9
1 6 3
k155im3.bmp
k155im3_ico.bmp
RST
5
1
59 57 11
3
0 12 13 19
0 15
0 26 13 33
0 29
0 38 13 46
0 42
2
48 12 59 19
58 15
47 37 59 45
58 42
1
10
1 0 0 -1
2 629 0 -1
10 423 4 10
10 324 11 -1
10 336 122 -1
10 227 9 10
9 111 16 -1
9 107 97 -1
10 447 118 11
10 234 167 11
24
2 1 1
1 6 1
2 1 1
1 3 1
2 6 1
1 4 2
2 4 1
1 3 2
2 7 1
1 6 2
2 7 1
1 4 1
2 7 1
1 5 1
2 8 1
1 4 3
2 8 1
1 5 3
2 1 2
1 7 2
2 1 2
1 8 1
2 3 1
1 2 1
2 3 1
1 8 2
2 9 1
1 3 3
2 9 1
1 2 2
2 9 1
1 7 1
2 3 1
1 9 1
2 5 1
1 9 2
2 1 3
1 9 3
2 6 1
1 10 1
2 10 1
1 5 2
2 10 1
1 6 3
2 8 1
1 10 2
2 1 3
1 10 3
trigRSt.bmp
trigRSt_ico.bmp
SCHK1
7
1
66 76 1
5
0 7 12 15
0 11
0 22 12 29
0 25
0 37 12 44
0 41
0 51 13 59
0 54
0 66 12 73
0 70
2
56 21 66 29
65 24
55 51 66 58
65 54
1
7
1 0 0 -1
2 479 0 -1
51 173 79 -1
15 38 86 -1
9 88 12 -1
3 146 8 -1
21 104 112 -1
13
2 3 1
1 2 1
2 3 2
1 2 2
2 4 1
1 3 2
2 1 3
1 4 1
2 1 4
1 4 2
2 1 1
1 5 1
2 5 1
1 3 1
2 5 1
1 6 1
2 1 2
1 5 2
2 1 2
1 6 2
2 6 1
1 7 1
2 1 5
1 7 2
2 7 1
1 3 3
schK1.bmp
schK1_ico.bmp
SCHK2
7
1
66 107 1
7
0 7 12 14
0 11
0 21 12 29
0 26
0 36 12 46
0 40
0 51 12 60
0 56
0 66 12 74
0 71
0 82 12 90
0 86
0 97 12 104
0 100
2
56 30 66 39
65 35
54 60 66 70
65 65
1
7
1 0 0 -1
2 479 0 -1
51 173 79 -1
9 88 12 -1
3 146 8 -1
21 125 143 -1
29 63 83 -1
15
2 3 1
1 2 1
2 3 2
1 2 2
2 1 1
1 4 1
2 4 1
1 3 1
2 4 1
1 5 1
2 1 2
1 4 2
2 1 2
1 5 2
2 5 1
1 6 1
2 6 1
1 3 3
2 1 7
1 6 2
2 7 1
1 3 2
2 1 3
1 7 1
2 1 4
1 7 2
2 1 5
1 7 3
2 1 6
1 7 4
schK2.bmp
schK2_ico.bmp
SCHK3
7
1
66 138 1
9
0 5 12 15
0 10
0 22 12 30
0 26
0 37 12 45
0 41
0 51 13 60
0 55
0 65 12 75
0 70
0 81 12 91
0 86
0 96 12 104
0 101
0 113 13 121
0 116
0 128 13 136
0 131
2
55 47 66 56
65 51
55 77 66 87
65 82
1
7
1 0 0 -1
2 479 0 -1
51 173 79 -1
9 88 12 -1
3 146 8 -1
21 125 143 -1
33 74 83 -1
17
2 3 1
1 2 1
2 3 2
1 2 2
2 1 1
1 4 1
2 4 1
1 3 1
2 4 1
1 5 1
2 1 2
1 4 2
2 1 2
1 5 2
2 5 1
1 6 1
2 6 1
1 3 3
2 1 9
1 6 2
2 7 1
1 3 2
2 1 3
1 7 1
2 1 4
1 7 2
2 1 5
1 7 3
2 1 6
1 7 4
2 1 7
1 7 5
2 1 8
1 7 6
schK3.bmp
schK3_ico.bmp
SCHK4
7
1
66 167 1
11
0 7 13 16
0 10
0 22 12 31
0 25
0 37 12 44
0 40
0 52 12 60
0 56
0 66 12 75
0 70
0 81 13 89
0 86
0 97 12 105
0 100
0 111 12 120
0 115
0 126 13 134
0 131
0 142 12 149
0 145
0 157 12 164
0 160
2
56 70 66 80
65 76
55 101 66 111
65 105
1
9
1 0 0 -1
2 479 0 -1
51 173 79 -1
9 88 12 -1
3 146 8 -1
21 128 149 -1
15 101 83 -1
5 46 64 -1
5 43 143 -1
21
2 3 1
1 2 1
2 3 2
1 2 2
2 1 1
1 4 1
2 4 1
1 3 1
2 4 1
1 5 1
2 1 2
1 4 2
2 1 2
1 5 2
2 5 1
1 6 1
2 6 1
1 3 3
2 7 1
1 3 2
2 1 11
1 6 2
2 8 1
1 7 1
2 1 3
1 8 1
2 1 4
1 8 2
2 1 5
1 8 3
2 1 6
1 8 4
2 9 1
1 7 2
2 1 7
1 9 1
2 1 8
1 9 2
2 1 9
1 9 3
2 1 10
1 9 4
schK4.bmp
schK4_ico.bmp
Digit
10
1
54 103 1
6
0 90 14 98
0 93
0 74 15 83
0 78
0 56 15 64
0 59
0 40 16 49
0 44
0 21 15 31
0 27
0 6 15 17
0 11
2
35 27 54 37
53 33
35 64 54 74
53 70
0
48
0 1 2 3 4 5 6 7 8 9 10 11 12 13 14 15 16 18 19 20 22 23 24 26 27 28 30 31 32 33 34 36 37 38 40 41 42 44 45 46 48 50 52 54 56 58 60 62 
16
0 2 4 10 16 18 20 26 32 34 36 42 48 50 52 58 
VXY.bmp
VXY.bmp
XOR3
1
1
50 57 1
3
0 11 13 20
0 16
0 24 13 32
0 27
0 38 14 47
0 42
1
36 24 50 33
49 29
0
4
1 2 4 7 
xor3.bmp
xor3_ico.bmp
Shift
10
1
54 84 1
8
0 4 15 11
0 7
0 14 15 21
0 17
0 24 15 31
0 27
0 35 15 41
0 38
0 44 16 51
0 47
0 54 15 62
0 57
0 64 15 71
0 67
0 75 16 81
0 77
4
36 24 54 32
53 28
36 34 54 41
53 37
36 44 54 51
53 48
36 54 54 61
54 58
1
15
1 0 0 -1
2 481 0 -1
9 281 320 -1
3 206 294 -1
4 205 238 -1
21 254 260 -1
5 138 127 -1
3 138 241 -1
22 197 142 -1
6 58 1 -1
5 59 52 -1
4 59 107 -1
3 60 162 -1
23 128 40 -1
4 136 184 -1
43
2 4 1
1 6 2
2 5 1
1 6 1
2 7 1
1 9 1
2 8 1
1 9 3
2 10 1
1 14 1
2 11 1
1 14 2
2 12 1
1 14 3
2 13 1
1 14 4
2 14 1
1 2 1
2 9 1
1 2 2
2 6 1
1 2 3
2 3 1
1 2 4
2 1 7
1 10 5
2 1 7
1 11 4
2 1 7
1 12 3
2 1 7
1 13 2
2 1 1
1 10 4
2 1 1
1 11 2
2 1 1
1 12 1
2 1 2
1 13 1
2 1 4
1 12 2
2 1 3
1 10 2
2 1 3
1 11 3
2 1 8
1 10 1
2 1 5
1 10 3
2 1 6
1 11 1
2 15 1
1 9 2
2 1 8
1 7 1
2 1 7
1 7 4
2 1 7
1 15 3
2 1 7
1 8 2
2 1 3
1 7 2
2 1 3
1 15 1
2 1 4
1 8 1
2 1 5
1 7 3
2 1 6
1 15 2
2 1 7
1 5 3
2 1 7
1 4 2
2 1 8
1 5 1
2 1 5
1 5 2
2 1 6
1 4 1
2 1 8
1 3 1
2 1 7
1 3 2
shift.bmp
shift_ico.bmp
K155IP3
10
1
143 227 1
14
0 7 22 15
0 11
0 27 22 35
0 30
0 43 22 50
0 46
0 57 22 64
0 60
0 73 23 80
0 76
0 92 22 100
0 96
0 107 22 114
0 111
0 121 22 130
0 125
0 137 22 145
0 141
0 157 22 165
0 161
0 173 22 180
0 176
0 187 22 196
0 191
0 202 22 210
0 205
0 217 22 224
0 220
8
113 7 143 15
141 10
112 21 143 31
142 26
113 35 143 45
142 41
112 55 143 66
142 61
113 91 143 101
142 96
112 106 143 115
143 111
113 121 143 131
143 125
113 137 143 146
142 141
1
21
1 0 0 -1
2 476 0 -1
56 46 4 -1
56 97 91 -1
56 149 173 -1
56 211 242 -1
27 76 304 -1
57 392 290 -1
57 391 117 -1
57 391 173 -1
57 392 229 -1
5 457 251 -1
58 314 268 -1
11 309 173 -1
12 309 114 -1
23 301 9 -1
3 230 31 -1
4 233 89 -1
5 236 153 -1
28 382 54 -1
27 439 53 -1
82
2 1 10
1 3 3
2 1 11
1 3 4
2 1 12
1 3 5
2 1 13
1 3 6
2 1 13
1 4 6
2 1 12
1 4 5
2 1 11
1 4 4
2 1 10
1 4 3
2 1 13
1 5 6
2 1 12
1 5 5
2 1 11
1 5 4
2 1 10
1 5 3
2 1 13
1 6 6
2 1 12
1 6 5
2 1 11
1 6 4
2 1 10
1 6 3
2 1 14
1 7 1
2 3 1
1 9 1
2 3 2
1 9 2
2 4 1
1 10 1
2 4 2
1 10 2
2 5 1
1 11 1
2 5 2
1 11 2
2 6 1
1 8 1
2 6 2
1 8 2
2 9 1
1 12 1
2 10 1
1 12 2
2 11 1
1 12 3
2 8 1
1 12 4
2 12 1
1 2 3
2 7 1
1 13 7
2 1 1
1 13 8
2 13 4
1 8 3
2 13 3
1 11 3
2 13 2
1 10 3
2 13 1
1 9 3
2 6 2
1 13 6
2 6 1
1 13 5
2 5 2
1 13 4
2 5 1
1 13 3
2 4 2
1 13 2
2 4 1
1 13 1
2 1 6
1 6 2
2 1 7
1 5 2
2 1 8
1 4 2
2 1 9
1 3 2
2 1 5
1 3 1
2 1 4
1 4 1
2 1 3
1 5 1
2 1 2
1 6 1
2 8 1
1 2 5
2 11 1
1 2 6
2 10 1
1 2 7
2 9 1
1 2 8
2 17 1
1 16 2
2 18 1
1 16 3
2 19 1
1 16 4
2 16 1
1 2 2
2 14 1
1 2 1
2 16 1
1 20 1
2 15 1
1 20 2
2 20 1
1 21 1
2 21 1
1 2 4
2 3 2
1 16 1
2 3 1
1 17 1
2 3 1
1 18 1
2 3 1
1 19 1
2 3 1
1 15 1
2 3 1
1 14 1
2 4 2
1 17 2
2 4 1
1 18 2
2 4 1
1 19 2
2 4 1
1 15 2
2 4 1
1 14 2
2 5 2
1 18 3
2 5 1
1 19 3
2 5 1
1 15 3
2 5 1
1 14 3
2 6 2
1 19 4
2 6 1
1 15 4
2 6 1
1 14 4
2 1 1
1 15 5
k155ip3.bmp
k155ip3_ico.bmp
RSs
5
1
50 57 11
3
0 12 13 20
0 16
0 24 13 31
0 28
0 38 13 45
0 41
2
37 11 50 19
49 16
36 37 50 46
49 42
1
6
1 0 0 -1
2 476 0 -1
9 120 72 -1
9 119 8 -1
9 209 11 10
9 207 77 11
10
2 4 1
1 5 1
2 1 1
1 4 1
2 1 3
1 3 2
2 3 1
1 6 2
2 6 1
1 5 2
2 5 1
1 6 1
2 5 1
1 2 1
2 6 1
1 2 2
2 1 2
1 4 2
2 1 2
1 3 1
trigRSs.bmp
trigRSs_ico.bmp
K155IR1
8
1
114 146 11
8
0 23 12 31
0 27
0 36 12 45
0 40
0 51 12 59
0 54
0 65 12 74
0 69
0 91 12 100
0 96
0 104 12 114
0 110
0 120 12 129
0 123
0 133 12 141
0 136
4
97 27 114 36
113 31
98 43 114 53
113 48
97 59 114 69
113 65
97 78 114 86
114 81
1
14
1 0 0 -1
2 476 0 -1
30 161 6 -1
30 162 66 -1
30 161 128 -1
30 161 190 -1
29 160 251 -1
27 45 227 -1
42 315 8 -1
42 314 72 -1
42 314 135 -1
42 313 198 -1
27 58 25 -1
27 57 88 -1
35
2 8 1
1 7 1
2 8 1
1 6 3
2 8 1
1 5 3
2 8 1
1 4 3
2 8 1
1 3 3
2 1 1
1 3 1
2 1 2
1 4 1
2 1 3
1 5 1
2 1 4
1 6 1
2 7 1
1 12 2
2 7 1
1 11 2
2 7 1
1 10 2
2 7 1
1 9 2
2 3 1
1 9 1
2 4 1
1 10 1
2 5 1
1 11 1
2 6 1
1 12 1
2 9 2
1 2 1
2 10 2
1 2 2
2 11 2
1 2 3
2 12 2
1 2 4
2 9 2
1 4 4
2 10 2
1 5 4
2 11 2
1 6 4
2 13 1
1 7 4
2 1 5
1 13 1
2 1 6
1 14 1
2 14 1
1 7 2
2 1 8
1 8 1
2 1 8
1 7 3
2 1 8
1 6 2
2 1 8
1 5 2
2 1 8
1 4 2
2 1 8
1 3 2
2 1 7
1 3 4
k155ir1.bmp
k155ir1_ico.bmp
ANDOR3
3
1
44 62 1
6
0 2 10 9
0 5
0 11 9 19
0 15
0 23 9 29
0 25
0 32 9 39
0 35
0 42 10 49
0 45
0 52 9 59
0 55
1
33 27 44 34
43 30
0
37
3 7 11 12 13 14 15 19 23 27 28 29 30 31 35 39 43 44 45 46 47 48 49 50 51 52 53 54 55 56 57 58 59 60 61 62 63 
andor3.bmp
andor3_ico.bmp
ANDOR3N
3
1
44 62 1
6
0 2 10 9
0 6
0 11 9 19
0 16
0 23 9 29
0 25
0 32 9 39
0 36
0 42 10 49
0 46
0 52 9 59
0 56
1
33 27 44 34
43 31
0
27
0 1 2 4 5 6 8 9 10 16 17 18 20 21 22 24 25 26 32 33 34 36 37 38 40 41 42 
andor3n.bmp
andor3n_ico.bmp
D2sr
5
1
59 57 11
3
0 12 13 19
0 15
0 25 13 32
0 27
0 37 13 46
0 41
2
47 12 59 19
58 15
47 38 59 45
58 41
1
16
1 0 0 -1
2 476 0 -1
9 76 1 -1
9 73 67 -1
9 248 5 -1
9 252 77 -1
27 228 149 -1
9 335 5 10
9 331 128 11
9 474 3 11
9 475 66 10
27 79 150 -1
15 174 7 -1
3 179 84 -1
15 406 6 -1
3 414 91 -1
28
2 1 1
1 3 1
2 1 2
1 3 2
2 1 2
1 4 2
2 3 1
1 4 1
2 6 1
1 5 2
2 5 1
1 6 1
2 1 2
1 7 1
2 8 1
1 9 1
2 10 1
1 11 1
2 11 1
1 10 2
2 10 1
1 2 1
2 11 1
1 2 2
2 5 1
1 8 1
2 7 1
1 8 2
2 7 1
1 9 2
2 1 3
1 12 1
2 3 1
1 13 1
2 13 1
1 5 1
2 14 1
1 6 2
2 12 1
1 14 2
2 1 3
1 13 2
2 4 1
1 14 1
2 8 1
1 15 1
2 15 1
1 10 1
2 1 3
1 15 2
2 9 1
1 16 1
2 12 1
1 16 2
2 16 1
1 11 2
trigD2sr.bmp
trigD2sr_ico.bmp
K155IR13
8
1
121 227 11
14
0 21 18 30
0 26
0 37 18 45
0 41
0 50 18 60
0 55
0 66 18 74
0 70
0 79 18 88
0 81
0 92 18 99
0 96
0 105 19 115
0 110
0 119 18 128
0 124
0 132 18 142
0 136
0 154 18 164
0 158
0 168 18 176
0 172
0 179 19 187
0 183
0 193 18 201
0 197
0 208 18 217
0 213
8
103 27 121 36
120 32
104 44 121 54
120 49
103 60 121 69
121 65
104 77 121 87
120 82
104 94 121 103
121 98
104 111 121 120
121 116
104 129 121 138
120 132
103 146 121 154
120 151
1
27
1 0 0 -1
2 773 0 -1
64 498 -2 -1
64 498 56 -1
64 496 114 -1
64 494 173 -1
64 494 232 -1
64 493 290 -1
64 496 348 -1
64 496 408 -1
62 413 -1 -1
62 413 59 -1
62 413 119 -1
62 413 178 -1
62 413 237 -1
62 413 297 -1
62 413 356 -1
62 413 415 -1
27 46 432 -1
27 158 435 -1
3 103 277 -1
27 38 310 -1
27 39 250 -1
3 105 215 -1
3 103 339 -1
15 184 276 -1
3 237 440 -1
94
2 3 1
1 2 1
2 4 1
1 2 2
2 5 1
1 2 3
2 6 1
1 2 4
2 7 1
1 2 5
2 8 1
1 2 6
2 9 1
1 2 7
2 11 1
1 3 1
2 12 1
1 4 1
2 13 1
1 5 1
2 14 1
1 6 1
2 15 1
1 7 1
2 16 1
1 8 1
2 17 1
1 9 1
2 18 1
1 10 1
2 3 1
1 12 5
2 4 1
1 13 5
2 5 1
1 14 5
2 6 1
1 15 5
2 7 1
1 16 5
2 8 1
1 17 5
2 9 1
1 18 5
2 10 1
1 17 1
2 9 1
1 16 1
2 8 1
1 15 1
2 7 1
1 14 1
2 6 1
1 13 1
2 5 1
1 12 1
2 4 1
1 11 1
2 1 11
1 11 5
2 1 10
1 18 1
2 1 14
1 19 1
2 1 9
1 20 1
2 1 12
1 21 1
2 1 13
1 21 2
2 1 12
1 23 1
2 1 13
1 22 1
2 1 13
1 25 2
2 23 1
1 25 1
2 22 1
1 24 2
2 1 12
1 24 1
2 1 12
1 26 1
2 1 13
1 26 2
2 20 1
1 27 2
2 26 1
1 27 1
2 21 1
1 11 4
2 21 1
1 12 4
2 21 1
1 13 4
2 21 1
1 14 4
2 21 1
1 15 4
2 21 1
1 16 4
2 21 1
1 17 4
2 21 1
1 18 4
2 25 1
1 11 6
2 25 1
1 12 6
2 25 1
1 13 6
2 25 1
1 14 6
2 25 1
1 15 6
2 25 1
1 16 6
2 25 1
1 17 6
2 25 1
1 18 6
2 24 1
1 11 2
2 24 1
1 12 2
2 24 1
1 13 2
2 24 1
1 14 2
2 24 1
1 15 2
2 24 1
1 16 2
2 24 1
1 17 2
2 24 1
1 18 2
2 27 1
1 3 2
2 27 1
1 4 2
2 27 1
1 5 2
2 27 1
1 6 2
2 27 1
1 7 2
2 27 1
1 8 2
2 27 1
1 9 2
2 27 1
1 10 2
2 1 1
1 11 3
2 1 2
1 12 3
2 1 3
1 13 3
2 1 4
1 14 3
2 1 5
1 15 3
2 1 6
1 16 3
2 1 7
1 17 3
2 1 8
1 18 3
2 19 1
1 10 3
2 19 1
1 9 3
2 19 1
1 8 3
2 19 1
1 7 3
2 19 1
1 6 3
2 19 1
1 5 3
2 19 1
1 4 3
2 19 1
1 3 3
2 10 1
1 2 8
k155ir13.bmp
k155ir13_ico.bmp
K155IE5
7
1
139 236 1
4
0 11 42 21
0 16
0 70 42 81
0 76
0 174 19 183
0 179
0 200 19 210
0 204
8
106 12 139 20
138 15
105 36 139 47
139 42
106 72 139 82
138 76
105 97 139 106
139 102
105 132 139 141
139 136
106 156 139 166
139 162
105 191 139 200
138 195
105 216 139 226
138 222
1
7
1 0 0 -1
2 479 0 -1
44 99 7 -1
44 99 65 -1
44 100 126 -1
44 102 185 -1
3 24 79 -1
18
2 1 1
1 3 1
2 1 2
1 4 1
2 7 1
1 3 2
2 7 1
1 4 2
2 7 1
1 5 2
2 7 1
1 6 2
2 1 3
1 7 1
2 1 4
1 7 2
2 3 1
1 2 1
2 3 2
1 2 2
2 4 1
1 2 3
2 4 2
1 2 4
2 5 1
1 2 5
2 5 2
1 2 6
2 6 1
1 2 7
2 6 2
1 2 8
2 5 1
1 6 1
2 4 1
1 5 1
k155ie5.bmp
k155ie5_ico.bmp
K155IE7
7
1
90 135 11
8
0 22 16 30
0 26
0 37 15 45
0 41
0 52 15 61
0 55
0 66 15 74
0 71
0 82 16 91
0 86
0 97 15 105
0 101
0 111 16 120
0 116
0 127 15 134
0 130
6
74 27 90 34
89 31
74 41 90 50
89 46
74 57 90 65
89 61
74 72 90 80
90 76
74 95 90 106
89 101
74 117 90 125
90 121
1
28
1 0 0 -1
2 782 0 -1
51 631 98 -1
9 510 10 -1
3 436 323 -1
21 605 159 -1
15 417 250 -1
5 521 74 -1
5 315 271 -1
12 651 196 -1
12 656 14 -1
51 450 98 -1
33 388 98 -1
3 442 13 -1
21 408 172 -1
9 374 13 -1
51 315 97 -1
29 239 101 -1
9 225 10 -1
3 294 5 -1
21 264 175 -1
51 159 103 -1
15 100 106 -1
9 91 11 -1
3 149 9 -1
21 118 166 -1
27 224 341 -1
15 170 380 -1
77
2 4 1
1 3 1
2 4 1
1 5 1
2 5 1
1 6 1
2 6 1
1 3 3
2 7 1
1 3 2
2 8 1
1 7 1
2 9 1
1 7 2
2 3 1
1 2 4
2 3 2
1 10 1
2 3 1
1 11 5
2 1 8
1 6 2
2 1 4
1 4 1
2 13 1
1 12 2
2 15 1
1 12 3
2 14 1
1 15 1
2 1 8
1 15 2
2 16 1
1 12 1
2 16 1
1 14 1
2 1 3
1 16 1
2 12 1
1 11 4
2 12 2
1 10 2
2 12 2
1 9 3
2 12 1
1 8 2
2 17 1
1 13 2
2 17 2
1 13 5
2 17 1
1 8 3
2 17 2
1 9 2
2 17 1
1 11 3
2 17 2
1 10 3
2 11 1
1 2 5
2 10 1
1 2 6
2 18 1
1 17 2
2 1 2
1 19 1
2 19 1
1 20 1
2 20 1
1 21 1
2 1 8
1 21 2
2 21 1
1 17 3
2 19 1
1 17 1
2 22 1
1 18 2
2 22 2
1 18 3
2 22 1
1 13 3
2 22 2
1 13 4
2 22 1
1 8 4
2 22 2
1 9 1
2 22 1
1 11 2
2 22 2
1 10 4
2 23 1
1 22 2
2 25 1
1 26 1
2 26 1
1 22 3
2 24 1
1 25 1
2 24 1
1 22 1
2 1 1
1 24 1
2 1 8
1 26 2
2 22 1
1 2 1
2 17 1
1 2 2
2 12 1
1 2 3
2 27 1
1 24 2
2 27 1
1 25 2
2 27 1
1 19 2
2 27 1
1 20 2
2 27 1
1 16 2
2 27 1
1 14 2
2 27 1
1 4 2
2 27 1
1 5 2
2 1 7
1 10 5
2 1 7
1 9 4
2 1 7
1 13 6
2 1 7
1 18 4
2 1 7
1 23 2
2 1 6
1 11 1
2 1 6
1 8 1
2 1 6
1 13 1
2 1 6
1 18 1
2 1 6
1 23 1
2 28 1
1 27 1
2 1 5
1 28 1
2 1 8
1 28 2
k155ie7.bmp
k155ie7_ico.bmp
JK2
5
1
59 57 11
2
0 13 14 20
0 16
0 39 13 46
0 42
2
48 12 59 19
58 16
48 38 59 45
59 42
1
10
1 0 0 -1
2 629 0 -1
10 199 6 -1
10 208 105 -1
9 43 10 -1
9 44 74 -1
9 112 110 10
9 114 11 11
9 287 10 10
9 289 88 11
20
2 5 1
1 3 1
2 5 1
1 4 1
2 6 1
1 3 3
2 6 1
1 4 3
2 6 1
1 7 2
2 7 1
1 4 2
2 7 1
1 8 2
2 5 1
1 8 1
2 8 1
1 3 2
2 8 1
1 7 1
2 3 1
1 9 1
2 9 1
1 2 1
2 9 1
1 6 2
2 10 1
1 2 2
2 4 1
1 10 2
2 9 1
1 10 1
2 10 1
1 5 1
2 10 1
1 9 2
2 1 1
1 5 2
2 1 2
1 6 1
trigJK2.bmp
trigJK2_ico.bmp
K155IE6
7
1
90 135 111
8
0 22 15 30
0 25
0 37 15 45
0 41
0 53 15 60
0 55
0 66 16 75
0 71
0 82 15 90
0 86
0 96 15 105
0 100
0 112 16 120
0 116
0 128 15 135
0 131
6
73 27 90 35
90 30
74 42 90 50
89 45
74 56 90 65
90 61
73 71 90 80
89 75
74 96 90 105
89 101
74 117 90 125
89 121
1
34
1 0 0 -1
2 782 0 -1
51 631 98 -1
9 510 10 -1
3 583 21 -1
21 541 219 -1
15 573 102 -1
5 521 74 -1
5 521 151 -1
12 651 196 -1
12 656 14 -1
51 450 98 -1
33 388 98 -1
3 442 13 -1
21 408 172 -1
9 374 13 -1
51 312 103 -1
29 239 101 -1
9 225 10 -1
3 294 5 -1
21 184 218 -1
51 159 103 -1
15 100 106 -1
9 91 11 -1
3 149 9 -1
21 118 166 -1
27 30 66 -1
27 35 123 -1
27 30 177 -1
11 300 283 107
3 605 321 -1
11 386 336 111
3 476 297 -1
4 173 307 -1
93
2 4 1
1 3 1
2 4 1
1 5 1
2 5 1
1 6 1
2 7 1
1 3 2
2 8 1
1 7 1
2 9 1
1 7 2
2 3 2
1 10 1
2 3 1
1 11 5
2 1 8
1 6 2
2 1 4
1 4 1
2 13 1
1 12 2
2 14 1
1 15 1
2 1 8
1 15 2
2 16 1
1 12 1
2 16 1
1 14 1
2 1 3
1 16 1
2 12 1
1 11 4
2 12 2
1 10 2
2 12 2
1 9 3
2 12 1
1 8 2
2 17 1
1 13 2
2 17 2
1 13 5
2 17 1
1 8 3
2 17 2
1 9 2
2 17 1
1 11 3
2 17 2
1 10 3
2 11 1
1 2 5
2 10 1
1 2 6
2 18 1
1 17 2
2 1 2
1 19 1
2 19 1
1 20 1
2 20 1
1 21 1
2 1 8
1 21 2
2 19 1
1 17 1
2 22 1
1 18 2
2 22 2
1 18 3
2 22 1
1 13 3
2 22 2
1 13 4
2 22 1
1 8 4
2 22 2
1 9 1
2 22 1
1 11 2
2 22 2
1 10 4
2 23 1
1 22 2
2 25 1
1 26 1
2 26 1
1 22 3
2 24 1
1 25 1
2 24 1
1 22 1
2 1 1
1 24 1
2 1 8
1 26 2
2 27 1
1 24 2
2 27 1
1 25 2
2 27 1
1 19 2
2 27 1
1 20 2
2 27 1
1 16 2
2 27 1
1 14 2
2 27 1
1 4 2
2 27 1
1 5 2
2 1 5
1 27 1
2 28 1
1 23 1
2 28 1
1 18 1
2 28 1
1 13 1
2 28 1
1 8 1
2 28 1
1 11 1
2 1 6
1 28 1
2 29 1
1 23 2
2 29 1
1 18 4
2 29 1
1 9 4
2 29 1
1 10 5
2 1 7
1 29 1
2 1 8
1 27 1
2 29 1
1 13 6
2 22 2
1 30 1
2 17 1
1 30 2
2 12 2
1 30 3
2 3 1
1 30 4
2 6 1
1 31 1
2 31 1
1 3 3
2 22 1
1 32 1
2 17 1
1 32 2
2 12 1
1 32 3
2 3 1
1 32 4
2 15 1
1 33 1
2 33 1
1 12 3
2 21 1
1 34 1
2 34 1
1 17 3
2 22 1
1 2 1
2 17 1
1 2 2
2 12 1
1 2 3
2 3 1
1 2 4
2 32 1
1 34 3
2 32 1
1 33 2
2 30 1
1 34 2
2 30 1
1 31 2
k155ie6.bmp
k155ie6_ico.bmp
k155lp3
10
1
143 227 1
14
0 6 22 14
0 9
0 26 22 34
0 29
0 41 22 49
0 44
0 57 22 64
0 59
0 71 22 79
0 74
0 91 22 99
0 95
0 107 22 114
0 109
0 121 22 128
0 124
0 137 22 145
0 139
0 157 22 164
0 160
0 172 22 179
0 175
0 187 22 194
0 189
0 202 22 209
0 204
0 218 22 224
0 219
8
113 5 143 15
142 9
113 21 143 30
142 24
113 36 143 44
142 39
113 56 143 65
142 60
113 91 143 99
142 94
113 107 143 114
142 110
113 121 143 129
142 125
113 137 143 145
142 140
1
19
1 0 0 -1
2 476 0 -1
59 234 155 -1
27 186 1 -1
27 133 42 -1
27 78 46 -1
27 137 101 -1
27 376 1 -1
27 419 31 -1
27 418 95 -1
27 417 154 -1
27 467 190 -1
27 432 252 -1
27 478 293 -1
27 80 111 -1
27 140 164 -1
27 80 174 -1
27 136 231 -1
27 74 239 -1
38
2 1 1
1 4 1
2 4 1
1 3 1
2 3 1
1 8 1
2 8 1
1 2 1
2 3 2
1 9 1
2 9 1
1 2 2
2 3 3
1 2 3
2 3 4
1 10 1
2 10 1
1 2 4
2 11 1
1 2 5
2 3 5
1 11 1
2 3 6
1 12 1
2 12 1
1 2 6
2 3 7
1 13 1
2 13 1
1 2 7
2 3 8
1 14 1
2 14 1
1 2 8
2 1 2
1 5 1
2 5 1
1 3 2
2 1 3
1 6 1
2 6 1
1 3 3
2 1 4
1 7 1
2 7 1
1 3 4
2 1 5
1 15 1
2 15 1
1 3 5
2 1 6
1 16 1
2 16 1
1 3 6
2 1 7
1 17 1
2 17 1
1 3 7
2 1 8
1 18 1
2 18 1
1 3 8
2 1 9
1 19 1
2 19 1
1 3 9
2 1 10
1 3 10
2 1 11
1 3 11
2 1 12
1 3 12
2 1 13
1 3 13
2 1 14
1 3 14
k155lp3.bmp
k155lp3_ico.bmp
Задержка
1
1
24 21 1
1
0 6 4 15
0 9
1
19 5 24 16
24 9
0
1
1 
X.bmp
X_ico.bmp
