390  0.79  
391  0.772  
392  0.722  
393  0.681  
394  0.65  
395  0.641  
396  0.623  
397  0.612  
398  0.623  
399  0.643  
400  0.668  
401  0.711  
402  0.781  
403  0.848  
404  0.93  
405  1.004  
406  1.121  
407  1.24  
408  1.382  
409  1.543  
410  1.733  
411  1.956  
412  2.135  
413  2.368  
414  2.601  
415  2.874  
416  3.135  
417  3.381  
418  3.671  
419  3.959  
420  4.212  
421  4.481  
422  4.713  
423  5.022  
424  5.316  
425  5.618  
426  5.99  
427  6.369  
428  6.759  
429  7.095  
430  7.395  
431  7.698  
432  7.919  
433  8.19  
434  8.454  
435  8.787  
436  9.067  
437  9.325  
438  9.578  
439  9.862  
440  10.133  
441  10.385  
442  10.582  
443  10.719  
444  10.873  
445  10.963  
446  11.151  
447  11.286  
448  11.445  
449  11.458  
450  11.472  
451  11.476  
452  11.53  
453  11.623  
454  11.709  
455  11.648  
456  11.516  
457  11.414  
458  11.434  
459  11.376  
460  11.256  
461  11.11  
462  10.993  
463  10.847  
464  10.718  
465  10.508  
466  10.345  
467  10.104  
468  9.961  
469  9.758  
470  9.595  
471  9.345  
472  9.193  
473  9.029  
474  8.82  
475  8.649  
476  8.515  
477  8.398  
478  8.142  
479  7.851  
480  7.606  
481  7.471  
482  7.353  
483  7.204  
484  6.925  
485  6.717  
486  6.508  
487  6.341  
488  6.145  
489  6.001  
490  5.905  
491  5.781  
492  5.68  
493  5.446  
494  5.223  
495  5.059  
496  4.967  
497  4.843  
498  4.687  
499  4.597  
500  4.499  
501  4.329  
502  4.181  
503  4.137  
504  4.025  
505  3.951  
506  3.78  
507  3.706  
508  3.565  
509  3.467  
510  3.483  
511  3.412  
512  3.334  
513  3.145  
514  3.043  
515  2.918  
516  2.863  
517  2.715  
518  2.651  
519  2.533  
520  2.514  
521  2.482  
522  2.407  
523  2.365  
524  2.224  
525  2.128  
526  2.01  
527  1.948  
528  1.898  
529  1.857  
530  1.848  
531  1.834  
532  1.758  
533  1.643  
534  1.581  
535  1.533  
536  1.487  
537  1.384  
538  1.328  
539  1.275  
540  1.242  
541  1.141  
542  1.104  
543  1.065  
544  1.06  
545  0.993  
546  0.945  
547  0.913  
548  0.914  
549  0.895  
550  0.829  
