390  2.167  
391  2.101  
392  2.051  
393  2.029  
394  2.063  
395  2.109  
396  2.21  
397  2.295  
398  2.445  
399  2.603  
400  2.801  
401  3.039  
402  3.321  
403  3.674  
404  4.018  
405  4.362  
406  4.72  
407  5.145  
408  5.506  
409  5.93  
410  6.246  
411  6.724  
412  7.1  
413  7.511  
414  7.908  
415  8.265  
416  8.648  
417  8.907  
418  9.218  
419  9.478  
420  9.698  
421  9.807  
422  9.939  
423  10.068  
424  10.307  
425  10.469  
426  10.69  
427  10.841  
428  10.939  
429  11.001  
430  11.062  
431  11.122  
432  11.098  
433  11.061  
434  11.042  
435  11.093  
436  11.15  
437  11.077  
438  10.974  
439  10.878  
440  10.824  
441  10.746  
442  10.568  
443  10.496  
444  10.409  
445  10.293  
446  10.098  
447  9.901  
448  9.793  
449  9.725  
450  9.573  
451  9.316  
452  9.02  
453  8.781  
454  8.532  
455  8.388  
456  8.254  
457  8.127  
458  7.885  
459  7.613  
460  7.335  
461  7.041  
462  6.746  
463  6.564  
464  6.373  
465  6.213  
466  5.982  
467  5.808  
468  5.625  
469  5.432  
470  5.2  
471  4.997  
472  4.846  
473  4.761  
474  4.656  
475  4.445  
476  4.249  
477  4.016  
478  3.895  
479  3.738  
480  3.62  
481  3.472  
482  3.349  
483  3.237  
484  3.108  
485  2.979  
486  2.859  
487  2.761  
488  2.699  
489  2.629  
490  2.57  
491  2.492  
492  2.392  
493  2.288  
494  2.159  
495  2.053  
496  1.984  
497  1.906  
498  1.873  
499  1.791  
500  1.734  
501  1.663  
502  1.619  
503  1.605  
504  1.558  
505  1.496  
506  1.408  
507  1.367  
508  1.32  
509  1.289  
510  1.243  
511  1.224  
512  1.198  
513  1.192  
514  1.13  
515  1.059  
516  0.996  
517  1.002  
518  0.995  
519  0.975  
520  0.91  
521  0.86  
522  0.823  
523  0.795  
524  0.823  
525  0.786  
526  0.766  
527  0.7  
528  0.652  
529  0.637  
530  0.593  
531  0.578  
532  0.561  
533  0.527  
534  0.504  
535  0.468  
536  0.45  
537  0.438  
538  0.404  
539  0.374  
540  0.381  
541  0.382  
542  0.422  
543  0.385  
544  0.392  
545  0.362  
546  0.341  
547  0.299  
548  0.29  
549  0.31  
550  0.247  
