390  2.969  
391  2.75  
392  2.558  
393  2.389  
394  2.21  
395  2.047  
396  1.917  
397  1.786  
398  1.691  
399  1.633  
400  1.644  
401  1.665  
402  1.709  
403  1.773  
404  1.86  
405  1.92  
406  1.976  
407  2.043  
408  2.142  
409  2.253  
410  2.397  
411  2.573  
412  2.7  
413  2.831  
414  2.928  
415  3.038  
416  3.165  
417  3.286  
418  3.419  
419  3.466  
420  3.515  
421  3.536  
422  3.617  
423  3.621  
424  3.697  
425  3.736  
426  3.839  
427  3.861  
428  3.914  
429  3.907  
430  3.942  
431  3.929  
432  3.93  
433  3.923  
434  3.93  
435  3.919  
436  3.825  
437  3.732  
438  3.708  
439  3.697  
440  3.682  
441  3.638  
442  3.601  
443  3.543  
444  3.524  
445  3.455  
446  3.345  
447  3.244  
448  3.214  
449  3.187  
450  3.084  
451  3.044  
452  2.957  
453  2.972  
454  2.863  
455  2.859  
456  2.69  
457  2.61  
458  2.485  
459  2.436  
460  2.344  
461  2.283  
462  2.18  
463  2.118  
464  2.063  
465  2.01  
466  1.921  
467  1.824  
468  1.773  
469  1.757  
470  1.736  
471  1.647  
472  1.586  
473  1.501  
474  1.463  
475  1.385  
476  1.323  
477  1.277  
478  1.24  
479  1.201  
480  1.155  
481  1.115  
482  1.059  
483  1.042  
484  0.978  
485  0.967  
486  0.935  
487  0.908  
488  0.88  
489  0.833  
490  0.847  
491  0.82  
492  0.795  
493  0.738  
494  0.705  
495  0.813  
496  0.79  
497  0.758  
498  0.619  
499  0.615  
500  0.605  
501  0.567  
502  0.543  
503  0.531  
504  0.526  
505  0.491  
506  0.459  
507  0.425  
508  0.396  
509  0.393  
510  0.408  
511  0.428  
512  0.401  
513  0.362  
514  0.363  
515  0.376  
516  0.404  
517  0.387  
518  0.363  
519  0.343  
520  0.311  
521  0.299  
522  0.266  
523  0.261  
524  0.268  
525  0.247  
526  0.244  
527  0.238  
528  0.243  
529  0.245  
530  0.197  
531  0.185  
532  0.167  
533  0.165  
534  0.156  
535  0.132  
536  0.125  
537  0.132  
538  0.154  
539  0.17  
540  0.14  
541  0.128  
542  0.117  
543  0.142  
544  0.134  
545  0.109  
546  0.104  
547  0.09  
548  0.107  
549  0.115  
550  0.091  
