390  2.146  
391  2.035  
392  1.906  
393  1.849  
394  1.766  
395  1.722  
396  1.604  
397  1.554  
398  1.521  
399  1.532  
400  1.57  
401  1.641  
402  1.731  
403  1.834  
404  1.93  
405  2.048  
406  2.162  
407  2.3  
408  2.417  
409  2.569  
410  2.729  
411  2.92  
412  3.087  
413  3.248  
414  3.39  
415  3.517  
416  3.621  
417  3.766  
418  3.9  
419  4.013  
420  4.074  
421  4.083  
422  4.172  
423  4.176  
424  4.266  
425  4.311  
426  4.414  
427  4.477  
428  4.515  
429  4.531  
430  4.536  
431  4.533  
432  4.531  
433  4.532  
434  4.531  
435  4.504  
436  4.451  
437  4.439  
438  4.423  
439  4.411  
440  4.337  
441  4.262  
442  4.255  
443  4.188  
444  4.133  
445  4.036  
446  4.016  
447  3.963  
448  3.893  
449  3.766  
450  3.668  
451  3.555  
452  3.438  
453  3.359  
454  3.293  
455  3.289  
456  3.19  
457  3.057  
458  2.929  
459  2.83  
460  2.76  
461  2.655  
462  2.612  
463  2.494  
464  2.414  
465  2.291  
466  2.204  
467  2.113  
468  2.039  
469  1.994  
470  1.902  
471  1.829  
472  1.773  
473  1.725  
474  1.661  
475  1.581  
476  1.571  
477  1.524  
478  1.487  
479  1.383  
480  1.315  
481  1.263  
482  1.24  
483  1.193  
484  1.146  
485  1.092  
486  1.069  
487  1.027  
488  0.989  
489  0.976  
490  0.961  
491  0.913  
492  0.851  
493  0.8  
494  0.781  
495  0.77  
496  0.77  
497  0.74  
498  0.709  
499  0.662  
500  0.663  
501  0.628  
502  0.633  
503  0.594  
504  0.619  
505  0.59  
506  0.6  
507  0.542  
508  0.542  
509  0.526  
510  0.516  
511  0.448  
512  0.386  
513  0.365  
514  0.378  
515  0.391  
516  0.394  
517  0.365  
518  0.329  
519  0.299  
520  0.302  
521  0.309  
522  0.317  
523  0.289  
524  0.291  
525  0.281  
526  0.286  
527  0.267  
528  0.261  
529  0.26  
530  0.248  
531  0.242  
532  0.227  
533  0.218  
534  0.188  
535  0.17  
536  0.178  
537  0.168  
538  0.155  
539  0.135  
540  0.12  
541  0.12  
542  0.112  
543  0.123  
544  0.138  
545  0.124  
546  0.124  
547  0.099  
548  0.108  
549  0.124  
550  0.1  
