390  1.765  
391  1.675  
392  1.58  
393  1.468  
394  1.367  
395  1.278  
396  1.206  
397  1.166  
398  1.115  
399  1.097  
400  1.092  
401  1.084  
402  1.095  
403  1.13  
404  1.18  
405  1.222  
406  1.262  
407  1.352  
408  1.43  
409  1.509  
410  1.564  
411  1.656  
412  1.761  
413  1.844  
414  1.932  
415  2.005  
416  2.081  
417  2.148  
418  2.208  
419  2.281  
420  2.274  
421  2.303  
422  2.286  
423  2.378  
424  2.41  
425  2.495  
426  2.528  
427  2.585  
428  2.627  
429  2.578  
430  2.56  
431  2.533  
432  2.563  
433  2.549  
434  2.538  
435  2.506  
436  2.51  
437  2.49  
438  2.512  
439  2.489  
440  2.483  
441  2.427  
442  2.358  
443  2.33  
444  2.315  
445  2.281  
446  2.22  
447  2.178  
448  2.156  
449  2.129  
450  2.054  
451  2.012  
452  1.899  
453  1.844  
454  1.799  
455  1.799  
456  1.784  
457  1.747  
458  1.697  
459  1.652  
460  1.588  
461  1.54  
462  1.487  
463  1.429  
464  1.396  
465  1.341  
466  1.322  
467  1.257  
468  1.213  
469  1.162  
470  1.138  
471  1.085  
472  1.019  
473  0.948  
474  0.923  
475  0.912  
476  0.903  
477  0.887  
478  0.839  
479  0.824  
480  0.79  
481  0.767  
482  0.72  
483  0.691  
484  0.677  
485  0.667  
486  0.643  
487  0.61  
488  0.572  
489  0.55  
490  0.561  
491  0.536  
492  0.516  
493  0.451  
494  0.438  
495  0.423  
496  0.409  
497  0.418  
498  0.405  
499  0.427  
500  0.41  
501  0.393  
502  0.377  
503  0.341  
504  0.337  
505  0.338  
506  0.37  
507  0.354  
508  0.316  
509  0.29  
510  0.29  
511  0.278  
512  0.26  
513  0.253  
514  0.269  
515  0.286  
516  0.271  
517  0.239  
518  0.201  
519  0.201  
520  0.207  
521  0.212  
522  0.208  
523  0.192  
524  0.183  
525  0.164  
526  0.181  
527  0.167  
528  0.168  
529  0.159  
530  0.182  
531  0.172  
532  0.165  
533  0.144  
534  0.128  
535  0.124  
536  0.123  
537  0.124  
538  0.098  
539  0.069  
540  0.084  
541  0.11  
542  0.145  
543  0.137  
544  0.124  
545  0.098  
546  0.096  
547  0.104  
548  0.105  
549  0.085  
550  0.092  
