390  1.465  
391  1.366  
392  1.265  
393  1.168  
394  1.07  
395  0.987  
396  0.938  
397  0.905  
398  0.883  
399  0.856  
400  0.846  
401  0.836  
402  0.864  
403  0.871  
404  0.944  
405  0.967  
406  1.027  
407  1.059  
408  1.138  
409  1.189  
410  1.246  
411  1.308  
412  1.378  
413  1.429  
414  1.492  
415  1.543  
416  1.635  
417  1.687  
418  1.776  
419  1.809  
420  1.808  
421  1.789  
422  1.809  
423  1.908  
424  1.979  
425  2.006  
426  2.017  
427  2.029  
428  2.061  
429  2.058  
430  2.038  
431  2.055  
432  2.073  
433  2.072  
434  2.06  
435  2.052  
436  2.077  
437  2.063  
438  2.053  
439  2.041  
440  2.039  
441  2.031  
442  2.032  
443  1.993  
444  1.96  
445  1.937  
446  1.924  
447  1.907  
448  1.855  
449  1.814  
450  1.782  
451  1.771  
452  1.723  
453  1.688  
454  1.6  
455  1.566  
456  1.517  
457  1.491  
458  1.468  
459  1.442  
460  1.399  
461  1.334  
462  1.281  
463  1.252  
464  1.244  
465  1.195  
466  1.172  
467  1.12  
468  1.076  
469  1.053  
470  1.029  
471  1.016  
472  0.977  
473  0.939  
474  0.894  
475  0.859  
476  0.817  
477  0.813  
478  0.776  
479  0.754  
480  0.7  
481  0.684  
482  0.651  
483  0.636  
484  0.619  
485  0.599  
486  0.566  
487  0.51  
488  0.511  
489  0.495  
490  0.519  
491  0.507  
492  0.516  
493  0.481  
494  0.454  
495  0.42  
496  0.421  
497  0.42  
498  0.421  
499  0.394  
500  0.365  
501  0.371  
502  0.395  
503  0.405  
504  0.399  
505  0.38  
506  0.377  
507  0.375  
508  0.337  
509  0.314  
510  0.285  
511  0.285  
512  0.264  
513  0.245  
514  0.244  
515  0.232  
516  0.216  
517  0.201  
518  0.198  
519  0.184  
520  0.17  
521  0.175  
522  0.192  
523  0.186  
524  0.166  
525  0.155  
526  0.186  
527  0.201  
528  0.205  
529  0.16  
530  0.144  
531  0.14  
532  0.152  
533  0.165  
534  0.164  
535  0.165  
536  0.155  
537  0.136  
538  0.11  
539  0.111  
540  0.106  
541  0.126  
542  0.122  
543  0.135  
544  0.13  
545  0.105  
546  0.086  
547  0.073  
548  0.074  
549  0.062  
550  0.123  
