390  2.104  
391  1.886  
392  1.696  
393  1.552  
394  1.429  
395  1.284  
396  1.128  
397  0.997  
398  0.931  
399  0.852  
400  0.791  
401  0.71  
402  0.665  
403  0.627  
404  0.601  
405  0.578  
406  0.555  
407  0.526  
408  0.517  
409  0.531  
410  0.54  
411  0.549  
412  0.556  
413  0.582  
414  0.609  
415  0.632  
416  0.665  
417  0.693  
418  0.692  
419  0.7  
420  0.697  
421  0.704  
422  0.728  
423  0.74  
424  0.778  
425  0.789  
426  0.832  
427  0.831  
428  0.823  
429  0.821  
430  0.827  
431  0.83  
432  0.818  
433  0.819  
434  0.815  
435  0.835  
436  0.84  
437  0.857  
438  0.857  
439  0.83  
440  0.817  
441  0.801  
442  0.804  
443  0.807  
444  0.771  
445  0.76  
446  0.763  
447  0.771  
448  0.755  
449  0.716  
450  0.691  
451  0.686  
452  0.681  
453  0.663  
454  0.666  
455  0.651  
456  0.646  
457  0.634  
458  0.617  
459  0.606  
460  0.577  
461  0.557  
462  0.537  
463  0.526  
464  0.519  
465  0.537  
466  0.522  
467  0.514  
468  0.452  
469  0.435  
470  0.427  
471  0.449  
472  0.449  
473  0.428  
474  0.416  
475  0.413  
476  0.401  
477  0.387  
478  0.364  
479  0.357  
480  0.346  
481  0.342  
482  0.317  
483  0.3  
484  0.287  
485  0.287  
486  0.287  
487  0.285  
488  0.291  
489  0.297  
490  0.289  
491  0.271  
492  0.24  
493  0.244  
494  0.246  
495  0.25  
496  0.22  
497  0.212  
498  0.196  
499  0.191  
500  0.182  
501  0.184  
502  0.194  
503  0.176  
504  0.166  
505  0.154  
506  0.158  
507  0.152  
508  0.149  
509  0.143  
510  0.159  
511  0.167  
512  0.173  
513  0.165  
514  0.174  
515  0.151  
516  0.155  
517  0.137  
518  0.153  
519  0.146  
520  0.158  
521  0.154  
522  0.15  
523  0.131  
524  0.134  
525  0.138  
526  0.123  
527  0.116  
528  0.098  
529  0.116  
530  0.1  
531  0.098  
532  0.085  
533  0.088  
534  0.083  
535  0.061  
536  0.062  
537  0.062  
538  0.072  
539  0.087  
540  0.075  
541  0.084  
542  0.083  
543  0.071  
544  0.055  
545  0.017  
546  0.028  
547  0.04  
548  0.053  
549  0.039  
550  0.115  
