390  0.363  
391  0.401  
392  0.426  
393  0.449  
394  0.521  
395  0.577  
396  0.683  
397  0.766  
398  0.959  
399  1.159  
400  1.403  
401  1.66  
402  1.996  
403  2.41  
404  2.876  
405  3.433  
406  4.09  
407  4.853  
408  5.636  
409  6.529  
410  7.596  
411  8.697  
412  9.979  
413  11.407  
414  13.051  
415  14.729  
416  16.385  
417  18.199  
418  20.127  
419  21.99  
420  23.531  
421  25.175  
422  27.06  
423  29.124  
424  31.131  
425  33.221  
426  35.51  
427  37.609  
428  39.686  
429  41.765  
430  43.84  
431  45.695  
432  47.608  
433  49.616  
434  51.634  
435  53.276  
436  54.84  
437  56.422  
438  58.076  
439  59.551  
440  60.915  
441  62.023  
442  62.95  
443  63.92  
444  64.81  
445  65.826  
446  66.415  
447  67.185  
448  67.616  
449  67.749  
450  67.775  
451  67.783  
452  68.101  
453  68.055  
454  67.925  
455  67.394  
456  66.655  
457  65.835  
458  64.864  
459  64.069  
460  63.054  
461  62.277  
462  61.009  
463  60.037  
464  58.794  
465  57.913  
466  56.57  
467  55.383  
468  54.097  
469  52.825  
470  51.661  
471  50.428  
472  49.386  
473  48.005  
474  46.549  
475  45.119  
476  43.84  
477  42.707  
478  41.422  
479  40.134  
480  38.96  
481  38.021  
482  36.848  
483  35.741  
484  34.567  
485  33.499  
486  32.372  
487  31.288  
488  30.422  
489  29.471  
490  28.6  
491  27.792  
492  26.946  
493  26.026  
494  25.14  
495  24.392  
496  23.636  
497  22.88  
498  22.061  
499  21.473  
500  20.778  
501  20.16  
502  19.326  
503  18.735  
504  18.169  
505  17.752  
506  17.193  
507  16.641  
508  16.013  
509  15.467  
510  14.99  
511  14.69  
512  14.245  
513  13.743  
514  13.158  
515  12.744  
516  12.266  
517  11.895  
518  11.407  
519  11.05  
520  10.603  
521  10.201  
522  9.875  
523  9.44  
524  9.142  
525  8.731  
526  8.391  
527  8.008  
528  7.738  
529  7.441  
530  7.08  
531  6.659  
532  6.302  
533  6.082  
534  5.886  
535  5.622  
536  5.346  
537  5.115  
538  5.04  
539  4.893  
540  4.685  
541  4.451  
542  4.224  
543  4.049  
544  3.853  
545  3.689  
546  3.493  
547  3.338  
548  3.133  
549  2.936  
550  2.937  
