390  0.373  
391  0.434  
392  0.485  
393  0.512  
394  0.589  
395  0.686  
396  0.8  
397  0.942  
398  1.119  
399  1.337  
400  1.568  
401  1.842  
402  2.24  
403  2.708  
404  3.234  
405  3.774  
406  4.479  
407  5.291  
408  6.169  
409  7.073  
410  8.152  
411  9.405  
412  10.775  
413  12.288  
414  13.914  
415  15.625  
416  17.391  
417  19.249  
418  21.206  
419  23.123  
420  24.772  
421  26.531  
422  28.431  
423  30.595  
424  32.699  
425  34.78  
426  37.056  
427  39.143  
428  41.279  
429  43.38  
430  45.651  
431  47.781  
432  49.666  
433  51.623  
434  53.467  
435  55.329  
436  56.996  
437  58.601  
438  60.262  
439  61.785  
440  63.138  
441  64.39  
442  65.564  
443  66.462  
444  67.235  
445  67.963  
446  68.935  
447  69.645  
448  70.033  
449  70.259  
450  70.305  
451  70.42  
452  70.347  
453  70.321  
454  70.012  
455  69.609  
456  68.996  
457  68.377  
458  67.621  
459  66.637  
460  65.54  
461  64.404  
462  63.38  
463  62.221  
464  60.859  
465  59.635  
466  58.364  
467  57.328  
468  56.131  
469  54.778  
470  53.43  
471  51.784  
472  50.664  
473  49.341  
474  48.083  
475  46.656  
476  45.532  
477  44.393  
478  43.212  
479  41.685  
480  40.355  
481  39.054  
482  37.963  
483  36.893  
484  35.763  
485  34.567  
486  33.526  
487  32.417  
488  31.422  
489  30.318  
490  29.488  
491  28.698  
492  27.81  
493  26.913  
494  25.907  
495  25.174  
496  24.331  
497  23.632  
498  22.78  
499  22.041  
500  21.465  
501  20.886  
502  20.211  
503  19.536  
504  18.807  
505  18.231  
506  17.562  
507  16.99  
508  16.544  
509  16.077  
510  15.642  
511  15.144  
512  14.59  
513  14.091  
514  13.516  
515  13.063  
516  12.595  
517  12.219  
518  11.786  
519  11.444  
520  11.021  
521  10.558  
522  10.091  
523  9.673  
524  9.36  
525  8.967  
526  8.684  
527  8.309  
528  8.047  
529  7.668  
530  7.569  
531  7.175  
532  6.827  
533  6.26  
534  6.071  
535  5.779  
536  5.609  
537  5.262  
538  5.115  
539  4.832  
540  4.649  
541  4.386  
542  4.239  
543  4.063  
544  3.901  
545  3.702  
546  3.53  
547  3.395  
548  3.231  
549  3.028  
550  2.923  
