390  0.5  
391  0.531  
392  0.547  
393  0.576  
394  0.601  
395  0.663  
396  0.732  
397  0.824  
398  0.941  
399  1.107  
400  1.279  
401  1.522  
402  1.781  
403  2.136  
404  2.501  
405  2.939  
406  3.418  
407  3.972  
408  4.562  
409  5.298  
410  6.12  
411  7.06  
412  8.001  
413  9.033  
414  10.206  
415  11.482  
416  12.693  
417  13.946  
418  15.338  
419  16.825  
420  18.093  
421  19.323  
422  20.783  
423  22.382  
424  23.906  
425  25.33  
426  26.913  
427  28.542  
428  30.141  
429  31.733  
430  33.289  
431  34.749  
432  36.016  
433  37.442  
434  38.931  
435  40.342  
436  41.428  
437  42.507  
438  43.727  
439  44.851  
440  45.769  
441  46.683  
442  47.595  
443  48.381  
444  48.973  
445  49.533  
446  50.127  
447  50.598  
448  50.899  
449  51.264  
450  51.353  
451  51.398  
452  51.018  
453  50.786  
454  50.644  
455  50.659  
456  50.395  
457  49.76  
458  49.116  
459  48.56  
460  47.975  
461  47.072  
462  46.205  
463  45.183  
464  44.414  
465  43.451  
466  42.424  
467  41.339  
468  40.539  
469  39.928  
470  38.988  
471  37.998  
472  37.013  
473  36.146  
474  35.076  
475  34.071  
476  33.172  
477  32.306  
478  31.362  
479  30.489  
480  29.505  
481  28.621  
482  27.615  
483  26.725  
484  25.846  
485  25.124  
486  24.466  
487  23.768  
488  23.023  
489  22.188  
490  21.517  
491  20.859  
492  20.371  
493  19.794  
494  19.261  
495  18.492  
496  17.813  
497  17.101  
498  16.624  
499  16.16  
500  15.652  
501  15.193  
502  14.676  
503  14.288  
504  13.773  
505  13.33  
506  12.842  
507  12.397  
508  12.053  
509  11.753  
510  11.442  
511  11.041  
512  10.601  
513  10.189  
514  9.89  
515  9.541  
516  9.315  
517  8.95  
518  8.691  
519  8.291  
520  7.969  
521  7.659  
522  7.37  
523  7.122  
524  6.814  
525  6.603  
526  6.335  
527  6.117  
528  5.915  
529  5.595  
530  5.36  
531  5.092  
532  4.935  
533  4.698  
534  4.444  
535  4.268  
536  4.121  
537  3.976  
538  3.8  
539  3.578  
540  3.483  
541  3.334  
542  3.257  
543  3.093  
544  2.946  
545  2.773  
546  2.614  
547  2.499  
548  2.379  
549  2.25  
550  2.216  
