390  0.527  
391  0.542  
392  0.57  
393  0.61  
394  0.67  
395  0.72  
396  0.81  
397  0.912  
398  1.077  
399  1.233  
400  1.433  
401  1.669  
402  1.984  
403  2.359  
404  2.765  
405  3.206  
406  3.783  
407  4.423  
408  5.108  
409  5.896  
410  6.756  
411  7.774  
412  8.774  
413  9.892  
414  11.145  
415  12.512  
416  13.924  
417  15.317  
418  16.897  
419  18.503  
420  19.876  
421  21.288  
422  22.666  
423  24.381  
424  26.003  
425  27.856  
426  29.641  
427  31.389  
428  32.955  
429  34.691  
430  36.32  
431  38.051  
432  39.52  
433  41.099  
434  42.715  
435  44.228  
436  45.709  
437  46.789  
438  48.049  
439  49.114  
440  50.176  
441  50.889  
442  51.756  
443  52.61  
444  53.534  
445  54.203  
446  54.64  
447  55.024  
448  55.42  
449  55.777  
450  55.981  
451  56.072  
452  56.011  
453  55.904  
454  55.546  
455  55.219  
456  54.637  
457  53.963  
458  53.396  
459  52.905  
460  52.361  
461  51.618  
462  50.544  
463  49.566  
464  48.559  
465  47.686  
466  46.528  
467  45.356  
468  44.227  
469  43.311  
470  42.277  
471  41.231  
472  40.194  
473  39.245  
474  38.296  
475  37.131  
476  35.953  
477  34.923  
478  34.053  
479  33.245  
480  32.418  
481  31.421  
482  30.328  
483  29.169  
484  28.155  
485  27.319  
486  26.505  
487  25.668  
488  24.717  
489  23.942  
490  23.323  
491  22.781  
492  22.162  
493  21.34  
494  20.612  
495  19.879  
496  19.26  
497  18.589  
498  17.92  
499  17.46  
500  17.019  
501  16.609  
502  16.095  
503  15.516  
504  15.046  
505  14.441  
506  13.989  
507  13.5  
508  13.162  
509  12.822  
510  12.408  
511  12.145  
512  11.67  
513  11.312  
514  10.771  
515  10.436  
516  10  
517  9.62  
518  9.188  
519  8.906  
520  8.657  
521  8.456  
522  8.097  
523  7.758  
524  7.329  
525  7.088  
526  6.768  
527  6.538  
528  6.25  
529  6  
530  5.771  
531  5.526  
532  5.279  
533  5.032  
534  4.846  
535  4.633  
536  4.444  
537  4.194  
538  4.009  
539  3.831  
540  3.615  
541  3.455  
542  3.403  
543  3.332  
544  3.161  
545  2.941  
546  2.785  
547  2.723  
548  2.549  
549  2.283  
550  2.393  
