390  0.533  
391  0.558  
392  0.567  
393  0.565  
394  0.584  
395  0.61  
396  0.674  
397  0.738  
398  0.827  
399  0.933  
400  1.072  
401  1.251  
402  1.452  
403  1.709  
404  1.971  
405  2.252  
406  2.623  
407  3.077  
408  3.563  
409  4.061  
410  4.638  
411  5.349  
412  6.051  
413  6.84  
414  7.66  
415  8.54  
416  9.479  
417  10.502  
418  11.59  
419  12.619  
420  13.507  
421  14.318  
422  15.243  
423  16.269  
424  17.457  
425  18.675  
426  19.836  
427  21.022  
428  22.161  
429  23.421  
430  24.637  
431  25.753  
432  26.726  
433  27.767  
434  28.766  
435  29.697  
436  30.521  
437  31.441  
438  32.231  
439  32.935  
440  33.599  
441  34.378  
442  35.111  
443  35.604  
444  36.061  
445  36.535  
446  37.001  
447  37.275  
448  37.423  
449  37.501  
450  37.704  
451  37.741  
452  37.751  
453  37.469  
454  37.379  
455  37.126  
456  36.971  
457  36.477  
458  36.014  
459  35.545  
460  35.138  
461  34.644  
462  34.022  
463  33.386  
464  32.653  
465  31.915  
466  31.055  
467  30.371  
468  29.732  
469  29.257  
470  28.591  
471  27.982  
472  27.281  
473  26.572  
474  25.863  
475  25.074  
476  24.426  
477  23.759  
478  23.051  
479  22.291  
480  21.468  
481  20.971  
482  20.434  
483  19.911  
484  19.126  
485  18.484  
486  17.844  
487  17.326  
488  16.767  
489  16.268  
490  15.724  
491  15.158  
492  14.677  
493  14.323  
494  14.016  
495  13.628  
496  13.179  
497  12.717  
498  12.269  
499  11.827  
500  11.428  
501  11.067  
502  10.689  
503  10.377  
504  10.006  
505  9.683  
506  9.4  
507  9.154  
508  8.838  
509  8.547  
510  8.271  
511  8.073  
512  7.772  
513  7.506  
514  7.263  
515  7.056  
516  6.883  
517  6.629  
518  6.412  
519  6.119  
520  5.876  
521  5.571  
522  5.348  
523  5.261  
524  5.04  
525  4.831  
526  4.527  
527  4.418  
528  4.245  
529  4.048  
530  3.833  
531  3.694  
532  3.57  
533  3.426  
534  3.271  
535  3.163  
536  3.031  
537  2.963  
538  2.835  
539  2.697  
540  2.52  
541  2.401  
542  2.341  
543  2.244  
544  2.136  
545  2.059  
546  1.968  
547  1.88  
548  1.753  
549  1.61  
550  1.614  
