390  0.626  
391  0.598  
392  0.576  
393  0.557  
394  0.564  
395  0.554  
396  0.579  
397  0.614  
398  0.687  
399  0.735  
400  0.796  
401  0.888  
402  1.01  
403  1.179  
404  1.317  
405  1.525  
406  1.744  
407  2.094  
408  2.366  
409  2.719  
410  3.083  
411  3.575  
412  4.029  
413  4.535  
414  5.025  
415  5.528  
416  6.084  
417  6.751  
418  7.514  
419  8.164  
420  8.63  
421  9.208  
422  9.925  
423  10.709  
424  11.325  
425  11.976  
426  12.769  
427  13.578  
428  14.298  
429  14.948  
430  15.672  
431  16.395  
432  17.101  
433  17.8  
434  18.402  
435  19.067  
436  19.576  
437  20.14  
438  20.631  
439  21.048  
440  21.459  
441  21.866  
442  22.386  
443  22.759  
444  23.126  
445  23.379  
446  23.599  
447  23.873  
448  24.017  
449  24.201  
450  24.161  
451  24.278  
452  24.172  
453  24.087  
454  23.814  
455  23.771  
456  23.583  
457  23.411  
458  23.089  
459  22.759  
460  22.595  
461  22.21  
462  21.898  
463  21.307  
464  20.862  
465  20.378  
466  20.062  
467  19.685  
468  19.291  
469  18.726  
470  18.28  
471  17.772  
472  17.491  
473  17.029  
474  16.622  
475  16.002  
476  15.506  
477  15.089  
478  14.662  
479  14.359  
480  13.781  
481  13.399  
482  12.948  
483  12.619  
484  12.223  
485  11.807  
486  11.529  
487  11.151  
488  10.794  
489  10.415  
490  10.103  
491  9.834  
492  9.562  
493  9.283  
494  9.047  
495  8.724  
496  8.472  
497  8.134  
498  7.875  
499  7.673  
500  7.396  
501  7.17  
502  6.869  
503  6.688  
504  6.489  
505  6.256  
506  6.083  
507  5.874  
508  5.717  
509  5.568  
510  5.415  
511  5.255  
512  5.046  
513  4.871  
514  4.7  
515  4.513  
516  4.332  
517  4.153  
518  3.992  
519  3.826  
520  3.69  
521  3.559  
522  3.432  
523  3.333  
524  3.273  
525  3.17  
526  3.037  
527  2.865  
528  2.754  
529  2.593  
530  2.473  
531  2.338  
532  2.274  
533  2.136  
534  2.081  
535  1.996  
536  1.953  
537  1.857  
538  1.777  
539  1.719  
540  1.636  
541  1.552  
542  1.469  
543  1.387  
544  1.358  
545  1.292  
546  1.215  
547  1.138  
548  1.098  
549  1.105  
550  1.148  
